6	0	0.0492	0.0495	0.0464	0	0.0755	0.0753	0.0753
10	0.0001	0.0488	0.0482	0.0521	0	0.1103	0.1099	0.1099
18	0.0001	0.0527	0.0473	0.0486	0	0.2494	0.2532	0.2532
32	0.0004	0.0491	0.0476	0.0472	0.0006	0.5297	0.5316	0.5316
56	0.001	0.0532	0.0488	0.0517	0.0091	0.8482	0.8549	0.8549
100	0.0008	0.0507	0.053	0.0487	0.0901	0.9903	0.9911	0.9911
178	0.0017	0.0514	0.052	0.0503	0.449	1	1	1
316	0.0018	0.0471	0.0514	0.0485	0.8794	1	1	1
562	0.0012	0.0538	0.0483	0.0526	0.9955	1	1	1
1000	0.001	0.0497	0.0483	0.0471	1	1	1	1
